0 0.525 0.4125 0.4125 0.28515625
0 0.10078125 0.040625 0.2015625 0.08046875
0 0.1015625 0.0859375 0.203125 0.07890625
0 0.10078125 0.1234375 0.2015625 0.10234375
0 0.0859375 0.19140625 0.171875 0.09921875
0 0.10859375 0.2625 0.2171875 0.103125
0 0.1234375 0.36171875 0.240625 0.121875
0 0.10234375 0.44765625 0.2046875 0.1109375
0 0.1703125 0.559375 0.1515625 0.1125
0 0.0578125 0.56875 0.115625 0.10390625
0 0.05625 0.6765625 0.1125 0.13203125
0 0.16640625 0.6796875 0.16484375 0.13203125
0 0.10546875 0.8921875 0.16328125 0.18984375
0 0.4125 0.91171875 0.1515625 0.1765625
0 0.2859375 0.9484375 0.14375 0.103125
0 0.334375 0.84296875 0.1796875 0.16015625
0 0.6046875 0.8984375 0.2328125 0.203125
0 0.89765625 0.84453125 0.2046875 0.19765625
0 0.87265625 0.62109375 0.2328125 0.21953125
0 0.4234375 0.12734375 0.16171875 0.18671875
0 0.30234375 0.11640625 0.203125 0.2125
