0 0.4765625 0.4125 0.390625 0.2703125
0 0.88203125 0.04921875 0.1984375 0.0984375
0 0.890625 0.103125 0.21875 0.075
0 0.8796875 0.13984375 0.1921875 0.096875
0 0.89375 0.203125 0.165625 0.09375
0 0.884375 0.271875 0.23125 0.0984375
0 0.85625 0.3640625 0.228125 0.115625
0 0.884375 0.446875 0.2078125 0.1046875
0 0.8125 0.5515625 0.14375 0.10625
0 0.93203125 0.56015625 0.1359375 0.0984375
0 0.93359375 0.6625 0.1328125 0.125
0 0.815625 0.665625 0.15625 0.125
0 0.8734375 0.86640625 0.1546875 0.1796875
0 0.5828125 0.90078125 0.14375 0.1984375
0 0.70234375 0.9359375 0.1359375 0.128125
0 0.65703125 0.8203125 0.1703125 0.1515625
0 0.4015625 0.87734375 0.2203125 0.2
0 0.1203125 0.82265625 0.2015625 0.1875
0 0.146875 0.61015625 0.2203125 0.2078125
0 0.57265625 0.1421875 0.153125 0.1765625
0 0.6875 0.13203125 0.1921875 0.2015625
