0 0.83984375 0.29921875 0.3203125 0.36484375
0 0.60703125 0.0890625 0.45234375 0.178125
0 0.42421875 0.16015625 0.3171875 0.18671875
0 0.25078125 0.08046875 0.146875 0.1421875
0 0.32265625 0.046875 0.15 0.09375
0 0.5734375 0.35234375 0.2671875 0.2078125
0 0.296875 0.23671875 0.1421875 0.2
0 0.40234375 0.38828125 0.2375 0.16796875
0 0.3234375 0.41015625 0.21796875 0.1484375
0 0.53203125 0.6703125 0.3265625 0.24453125
0 0.8421875 0.746875 0.31484375 0.328125
0 0.425 0.63359375 0.18125 0.171875
0 0.3390625 0.59765625 0.22578125 0.16171875
0 0.2765625 0.5875 0.13671875 0.1125
0 0.5671875 0.934375 0.23125 0.13125
0 0.425 0.8875 0.18671875 0.203125
0 0.34453125 0.80859375 0.16484375 0.1171875
0 0.26796875 0.74609375 0.13515625 0.1109375
0 0.26640625 0.8828125 0.10078125 0.0921875
0 0.321875 0.940625 0.1484375 0.11875
