0 0.20546875 0.80078125 0.1046875 0.1359375
0 0.12109375 0.18125 0.19375 0.31015625
0 0.25390625 0.20546875 0.159375 0.2359375
0 0.38359375 0.23828125 0.21640625 0.21015625
0 0.54921875 0.26484375 0.22421875 0.2703125
0 0.71953125 0.25703125 0.203125 0.21015625
0 0.80625 0.39375 0.1671875 0.1
0 0.8 0.32421875 0.11796875 0.08984375
0 0.95390625 0.33515625 0.0921875 0.1984375
0 0.8890625 0.45390625 0.1046875 0.140625
0 0.7640625 0.52890625 0.11953125 0.0984375
0 0.70078125 0.46953125 0.1375 0.11171875
0 0.5734375 0.42421875 0.15234375 0.1296875
0 0.4140625 0.36875 0.15234375 0.18515625
0 0.334375 0.44375 0.11484375 0.159375
0 0.2421875 0.34921875 0.2078125 0.18828125
0 0.13671875 0.346875 0.2734375 0.18828125
0 0.17109375 0.44765625 0.18671875 0.11328125
0 0.22421875 0.5015625 0.06875 0.0734375
0 0.353125 0.53046875 0.08984375 0.1015625
0 0.3609375 0.63125 0.103125 0.1
0 0.471875 0.596875 0.13125 0.0953125
0 0.4671875 0.6546875 0.08359375 0.0671875
0 0.4671875 0.70390625 0.11171875 0.07890625
0 0.64453125 0.58125 0.11796875 0.11484375
