0 0.20546875 0.20234375 0.1 0.1296875
0 0.125 0.79296875 0.184375 0.2953125
0 0.2515625 0.76953125 0.1515625 0.225
0 0.375 0.73828125 0.20625 0.2
0 0.5328125 0.71328125 0.2140625 0.2578125
0 0.6953125 0.7203125 0.19375 0.2
0 0.778125 0.590625 0.159375 0.0953125
0 0.771875 0.65625 0.1125 0.0859375
0 0.9375 0.646875 0.125 0.1890625
0 0.85703125 0.5328125 0.1 0.134375
0 0.7375 0.46171875 0.1140625 0.09375
0 0.67734375 0.51796875 0.13125 0.10625
0 0.55625 0.5609375 0.1453125 0.1234375
0 0.40390625 0.6140625 0.1453125 0.1765625
0 0.328125 0.54296875 0.109375 0.1515625
0 0.23984375 0.6328125 0.1984375 0.1796875
0 0.1390625 0.6359375 0.2640625 0.1796875
0 0.17265625 0.5390625 0.178125 0.1078125
0 0.2234375 0.4875 0.065625 0.0703125
0 0.34609375 0.46015625 0.0859375 0.096875
0 0.353125 0.3640625 0.0984375 0.0953125
0 0.459375 0.396875 0.125 0.090625
0 0.4546875 0.34140625 0.0796875 0.0640625
0 0.4546875 0.29453125 0.10625 0.075
0 0.6234375 0.41171875 0.1125 0.109375
